

run#	sample	total#pairs	QCed#	%stitched	Unique#	%stitched	RefGenomeFiltered#	%unique	acyrthosiphon pisum virus	adenoviridae	alphaflexiviridae	anelloviridae	ascoviridae	asfarviridae	astroviridae	baculoviridae	begomovirus-associated alphasatellites	betaflexiviridae	caliciviridae	caulimoviridae	circoviridae	circular single stranded rna satellites	closteroviridae	dicistroviridae	dsdna viruses	environmental samples	geminiviridae	gemycircularvirus group	haloviruses	husa-like virus ks-2016a	hytrosaviridae	iflaviridae	iridoviridae	luteoviridae	marseilleviridae	mimiviridae	nodaviridae	partitiviridae	parvoviridae	permutotetraviridae	phycodnaviridae	picobirnaviridae	picornavirales	picornaviridae	pithovirus	polyomaviridae	potyviridae	poxviridae	reoviridae	retroviridae	secoviridae	single stranded dna satellites	smacovirusgroup	sobemovirus	southern bean mosaic virus	ssdna viruses	ssrna negative-strand viruses	ssrna positive-strand viruses	ssrna viruses	totiviridae	virgaviridae	viruses	
MiSeq_174	I2412_1_LNS_18_Project590_stool_Manary_GCE_Pediatric_Stool_1_LNS_18_initial_NA0000441917	1062323	 600718	  46.65	227989	  17.70	193868	  85.03	0	2	0	0	0	0	0	1	0	0	0	0	0	0	0	0	0	2	0	0	0	0	0	0	0	0	0	0	83	0	0	0	0	0	0	5	0	0	0	0	0	0	0	0	0	0	0	0	0	0	0	0	0	11	
MiSeq_174	I2413_8_LNS_37_Project590_stool_Manary_GCE_Pediatric_Stool_8_LNS_37_midstudy_NA0000496790	801158	 512635	  52.02	251050	  25.48	232862	  92.76	0	0	0	15	0	0	0	1	0	1	0	0	0	0	0	0	0	4	0	0	0	0	0	0	0	0	0	0	66	0	0	0	0	0	0	8	0	0	0	0	0	0	0	0	0	0	0	0	0	0	0	0	1715	9	
MiSeq_174	I2414_15_LNS_49_Project590_stool_Manary_GCE_Pediatric_Stool_15_LNS_49_endstudy1_NA0000420953	442071	 287761	  50.06	70846	  12.32	70449	  99.44	0	171	0	1	0	0	0	0	0	1	0	0	0	0	0	0	0	0	0	0	0	0	0	0	0	0	0	0	104	0	0	0	0	0	0	0	0	0	0	0	0	0	0	0	0	0	0	0	0	0	0	0	377	71	
MiSeq_174	I2415_12_LNS_47_Project590_stool_Manary_GCE_Pediatric_Stool_12_LNS_47_endstudy1_NA0000426889	777511	 789156	  88.42	621883	  69.68	615400	  98.96	0	9	0	0	0	0	0	0	0	0	0	0	0	0	0	0	0	1	0	0	0	0	0	0	0	0	0	1	38	0	0	0	0	0	0	8	0	0	0	0	0	0	0	0	0	0	0	0	0	0	0	0	0	68	
MiSeq_174	I2416_13_LNS_49_Project590_stool_Manary_GCE_Pediatric_Stool_13_LNS_49_initial_NA0000434909	269719	 321362	  85.62	239464	  63.80	235785	  98.46	0	4	0	0	0	0	0	0	0	0	0	0	0	0	0	0	0	1	0	0	0	0	0	0	0	0	0	0	60	0	0	0	1	0	0	0	0	0	0	0	0	0	0	0	0	0	0	0	0	0	0	0	0	37	
MiSeq_174	I2417_18_LNS_51_Project590_stool_Manary_GCE_Pediatric_Stool_18_LNS_51_endstudy1_NA0000424860	547659	 373681	  46.73	59361	   7.42	57480	  96.83	0	13	0	6	0	0	1	0	0	0	0	0	0	0	0	0	0	1	0	0	0	0	0	0	0	0	0	0	91	0	0	0	0	0	0	2	0	0	0	0	0	0	0	0	0	0	0	0	0	0	0	0	1	7	
MiSeq_174	I2418_14_LNS_49_Project590_stool_Manary_GCE_Pediatric_Stool_14_LNS_49_midstudy_NA0000441976	326812	 166867	  34.19	30956	   6.34	29672	  95.85	0	1	0	0	0	0	0	0	0	0	0	0	0	0	0	0	0	0	0	0	0	0	0	0	0	0	0	0	31	0	0	0	0	0	0	0	0	0	0	0	0	0	0	0	0	0	0	0	0	0	0	0	0	104	
MiSeq_174	I2419_3_LNS_18_Project590_stool_Manary_GCE_Pediatric_Stool_3_LNS_18_endstudy1_NA0000422009	816734	 914434	  82.59	761035	  68.74	539743	  70.92	0	35	0	0	0	0	0	0	0	0	4	0	0	0	0	0	0	4	0	0	0	0	0	0	0	0	1	0	29	0	0	0	4	1	0	11	0	0	0	0	0	0	0	0	0	0	0	0	0	0	0	0	0	84	
MiSeq_174	I2420_10_LNS_47_Project590_stool_Manary_GCE_Pediatric_Stool_10_LNS_47_initial_NA0000420152	857889	 369244	  34.31	121504	  11.29	52274	  43.02	0	2396	0	0	0	0	0	0	0	0	0	0	0	0	0	0	0	0	0	0	0	0	0	0	0	0	0	0	31	0	0	0	0	0	0	4	0	0	0	0	0	0	0	0	0	0	0	0	0	0	0	0	0	682	
MiSeq_174	I2421_17_LNS_51_Project590_stool_Manary_GCE_Pediatric_Stool_17_LNS_51_midstudy_NA0000494512	610457	 268524	  28.03	51238	   5.35	46252	  90.27	0	4	0	4	0	0	1	0	0	0	0	0	0	0	0	0	0	13	0	0	0	0	0	0	0	0	0	0	74	0	0	0	0	0	0	126	0	0	0	0	0	0	0	0	0	0	0	0	0	0	0	0	0	1	
MiSeq_174	I2422_2_LNS_18_Project590_stool_Manary_GCE_Pediatric_Stool_2_LNS_18_midstudy_NA0000496410	524116	 496072	  75.16	309642	  46.91	292093	  94.33	0	4	0	1	0	0	0	0	0	1	0	0	9	0	0	0	0	2	0	0	1	0	0	0	0	0	0	0	134	0	0	0	0	0	0	3	0	0	0	0	0	0	0	0	0	0	0	0	0	0	0	0	5	193	
MiSeq_174	I2423_4_LNS_28_Project590_stool_Manary_GCE_Pediatric_Stool_4_LNS_28_initial_NA0000420138	540111	 481184	  74.22	340933	  52.58	255396	  74.91	0	3	0	6	0	0	0	0	0	0	0	0	0	0	0	0	0	2	0	0	0	0	0	0	0	0	2	0	27	1	0	0	1	0	0	454	0	0	0	0	0	0	0	1	0	0	0	0	0	0	0	4	0	349	
MiSeq_174	I2424_21_LNS_64_Project590_stool_Manary_GCE_Pediatric_Stool_21_LNS_64_endstudy1_NA0000426882	658778	 485856	  40.26	103701	   8.59	102585	  98.92	0	312	0	216	0	0	1041	0	0	695	0	2	0	0	7	0	0	13	0	0	0	0	0	0	0	0	0	0	28	0	0	0	0	0	0	512	0	0	0	0	0	0	0	0	0	0	0	1	0	0	0	0	7	37	
MiSeq_174	I2425_11_LNS_47_Project590_stool_Manary_GCE_Pediatric_Stool_11_LNS_47_midstudy_NA0000492137	896404	 762335	  57.30	205768	  15.47	201539	  97.94	0	195	0	63	0	0	0	0	0	2	0	0	81	0	0	31	0	18	0	1	0	0	0	0	2	0	3	0	27	0	9	0	0	2	0	4153	0	0	0	0	0	0	3	0	0	0	0	2	0	0	0	0	10	854	
MiSeq_174	I2426_7_LNS_37_Project590_stool_Manary_GCE_Pediatric_Stool_7_LNS_37_initial_NA0000441291	506607	 724176	  85.86	457545	  54.25	452523	  98.90	0	7	0	11	0	0	1	0	0	0	0	0	0	0	0	0	0	9	0	0	0	0	0	0	0	1	0	0	117	0	0	0	1	28	0	340	0	0	0	0	0	0	29	0	0	56	0	0	0	0	0	0	4	26	
MiSeq_174	I2427_19_LNS_64_Project590_stool_Manary_GCE_Pediatric_Stool_19_LNS_64_initial_NA0000434894	448431	 297637	  46.73	61172	   9.60	60097	  98.24	0	0	0	1	0	0	0	0	0	0	0	0	0	0	0	0	0	1	0	0	0	0	0	0	0	0	0	0	25	0	0	0	0	0	0	1458	0	0	0	0	0	0	0	0	0	0	0	0	0	0	0	0	0	7	
MiSeq_174	I2428_6_LNS_28_Project590_stool_Manary_GCE_Pediatric_Stool_6_LNS_28_endstudy1_NA0000420955	650447	1016565	  88.78	820262	  71.64	794208	  96.82	0	3	0	0	0	0	0	0	0	0	0	0	0	0	0	0	0	0	0	0	0	0	0	0	0	0	0	1	23	0	3	0	2	0	0	1100	0	0	0	0	0	0	0	0	0	0	0	0	0	0	0	0	0	20	
MiSeq_174	I2429_5_LNS_28_Project590_stool_Manary_GCE_Pediatric_Stool_5_LNS_28_midstudy_NA0000487620	777943	1187781	  85.69	895966	  64.63	883440	  98.60	0	0	0	0	0	0	2	0	0	0	0	0	0	0	0	0	0	73	0	0	0	0	0	0	0	0	0	0	22	0	3	0	4	0	0	3245	0	0	0	0	0	0	0	0	0	0	0	0	0	0	0	1	1	195	
MiSeq_174	I2430_16_LNS_51_Project590_stool_Manary_GCE_Pediatric_Stool_16_LNS_51_initial_NA0000440680	491377	 588200	  80.41	260372	  35.60	206506	  79.31	0	0	0	24	0	0	0	0	0	0	0	0	0	0	0	0	0	1	0	0	0	0	0	0	1	0	0	0	36	0	0	0	0	0	0	29	0	0	0	0	0	0	0	0	0	0	0	0	0	0	0	0	1	7991	
MiSeq_174	I2431_20_LNS_64_Project590_stool_Manary_GCE_Pediatric_Stool_20_LNS_64_midstudy_NA0000489343	709357	 346653	  41.48	96625	  11.56	92754	  95.99	0	0	0	0	0	0	0	0	0	0	0	0	2	0	0	0	0	1	0	0	0	0	0	0	0	0	0	0	40	0	0	0	0	0	0	3	0	0	0	0	0	0	0	0	0	0	0	2	0	0	0	0	0	3	
MiSeq_174	I2432_9_LNS_37_Project590_stool_Manary_GCE_Pediatric_Stool_9_LNS_37_endstudy1_NA0000422217	821358	 687791	  71.88	408348	  42.68	403823	  98.89	0	2	1	0	0	0	1	0	0	63	0	0	0	0	3	0	1	1	0	0	0	0	0	0	0	0	0	0	63	0	1	0	0	0	0	67	0	0	0	0	0	0	0	0	0	2	0	0	0	0	0	0	2	26	
MiSeq_175	I2434_22_LNS_67_Project590_TNA_Manary_GCE_Pediatric_Stool_22_LNS_67_initial_NA0000441943	851676	 838319	  81.02	600886	  58.08	586971	  97.68	0	1	0	1	0	0	2	1	0	0	0	0	0	0	0	0	0	1	0	0	0	0	0	0	0	0	0	0	73	0	7	0	2	0	0	0	0	0	0	0	0	0	0	0	0	0	0	0	0	0	0	0	0	170	
MiSeq_175	I2435_31_LNS_89_Project590_TNA_Manary_GCE_Pediatric_Stool_31_LNS_89_initial_NA0000418712	842853	 351674	  32.84	145818	  13.62	29855	  20.47	0	1	0	69	0	0	1095	0	0	0	0	0	0	0	0	0	0	15	0	0	0	0	0	0	0	0	0	0	37	0	4	0	1	0	0	210	0	0	0	0	0	0	0	0	0	0	0	0	0	0	0	0	0	0	
MiSeq_175	I2436_24_LNS_67_Project590_TNA_Manary_GCE_Pediatric_Stool_24_LNS_67_endstudy1_NA0000421395	918392	 533194	  39.98	101753	   7.63	98718	  97.02	0	386	0	1	0	0	0	0	0	0	0	0	0	0	0	0	0	29	0	0	0	0	0	0	0	0	0	0	50	0	4	0	0	2	0	0	0	0	0	0	0	0	0	0	0	0	0	0	0	0	0	0	0	4	
MiSeq_175	I2437_28_LNS_78_Project590_TNA_Manary_GCE_Pediatric_Stool_28_LNS_78_initial_NA0000421651	559159	 461296	  60.31	119373	  15.61	118666	  99.41	0	21	0	9	0	0	0	0	0	0	0	0	0	0	0	2	0	0	0	0	0	0	0	0	0	0	0	0	35	0	9175	0	0	0	0	61	0	0	0	0	0	0	0	0	0	0	0	0	0	1	0	0	0	6	
MiSeq_175	I2438_37_LNS_107_Project590_TNA_Manary_GCE_Pediatric_Stool_37_LNS_107_initial_NA0000435761	804042	 426097	  42.39	92446	   9.20	86692	  93.78	0	0	0	0	0	0	1	0	0	0	0	0	0	0	0	0	0	0	0	0	0	0	0	0	0	0	0	0	96	0	6	0	0	1	0	1	0	0	0	0	0	0	0	0	0	0	0	0	0	0	0	0	0	9	
MiSeq_175	I2439_41_LNS_111_Project590_TNA_Manary_GCE_Pediatric_Stool_41_LNS_111_midstudy_NA0000489254	756893	 350939	  41.97	125341	  14.99	119600	  95.42	0	0	0	0	0	0	1	0	0	1	0	0	0	0	0	0	0	0	0	0	0	0	0	0	0	0	0	0	22	0	2	0	0	0	0	0	0	0	0	0	0	0	0	0	0	0	0	0	0	0	0	0	0	28	
MiSeq_175	I2440_39_LNS_107_Project590_TNA_Manary_GCE_Pediatric_Stool_39_LNS_107_endstudy1_NA0000422954	401525	 433847	  78.13	121909	  21.95	121608	  99.75	0	0	0	7	0	0	1	0	0	0	0	0	0	0	0	0	0	0	0	0	0	0	0	0	0	0	0	0	47	0	4	0	0	0	0	33	1	0	0	0	0	0	0	0	0	0	0	0	0	0	0	0	0	127	
MiSeq_175	I2441_42_LNS_111_Project590_TNA_Manary_GCE_Pediatric_Stool_42_LNS_111_endstudy1_NA0000420584	618468	 606455	  65.73	154452	  16.74	151593	  98.15	0	5	0	1	0	0	1	0	0	0	0	0	0	0	0	0	0	1	0	0	0	0	0	0	0	0	0	1	65	0	3	0	0	19	0	2255	0	0	0	0	0	0	0	0	0	0	0	0	0	0	0	0	0	133	
MiSeq_175	I2442_26_LNS_68_Project590_TNA_Manary_GCE_Pediatric_Stool_26_LNS_68_midstudy_NA0000487637	669675	 491091	  45.26	122194	  11.26	107247	  87.77	0	0	0	0	0	0	0	0	0	0	0	0	0	3	0	0	0	1	0	0	0	0	0	0	0	0	0	0	52	0	10	0	0	0	0	927	0	0	0	0	0	0	0	0	0	31	0	0	0	0	0	0	0	190	
MiSeq_175	I2443_38_LNS_107_Project590_TNA_Manary_GCE_Pediatric_Stool_38_LNS_107_midstudy_NA0000489441	473536	 345885	  58.20	138404	  23.29	132267	  95.57	0	3227	4	0	0	0	1	0	0	314	0	0	0	0	32	0	0	13	0	0	0	0	0	0	0	0	0	3	17	0	1	0	1	0	0	144	0	0	0	0	0	0	0	0	0	0	0	0	0	0	0	0	0	4	
MiSeq_175	I2444_35_LNS_105_Project590_TNA_Manary_GCE_Pediatric_Stool_35_LNS_105_midstudy_NA0000489842	1070911	 971650	  78.05	654863	  52.60	645117	  98.51	0	2	0	0	0	0	0	0	0	0	0	0	0	0	0	0	0	0	0	0	0	0	0	0	0	0	0	0	35	0	1	0	1	0	0	9	0	0	0	0	0	1	0	0	0	0	0	0	0	0	0	0	0	1	
MiSeq_175	I2445_30_LNS_78_Project590_TNA_Manary_GCE_Pediatric_Stool_30_LNS_78_endstudy1_NA0000418658	625084	 436681	  41.15	117658	  11.09	110284	  93.73	0	15	0	184	0	0	162	0	0	0	0	0	0	0	0	0	0	5	0	0	0	0	0	0	0	0	0	0	34	0	4	0	0	0	0	881	0	0	0	0	0	0	0	0	0	0	0	0	0	33	0	0	0	2	
MiSeq_175	I2446_36_LNS_105_Project590_TNA_Manary_GCE_Pediatric_Stool_36_LNS_105_endstudy1_NA0000426758	688355	 743853	  87.86	635996	  75.12	626928	  98.57	0	3	0	1	0	0	3	0	0	0	0	0	0	0	0	0	0	0	0	0	0	0	0	0	0	0	0	0	65	0	8	0	0	0	0	2	0	0	0	0	0	0	0	0	0	0	0	0	0	0	0	0	0	3	
MiSeq_175	I2447_33_LNS_89_Project590_TNA_Manary_GCE_Pediatric_Stool_33_LNS_89_endstudy1_NA0000421946	597176	 440670	  59.75	231737	  31.42	200291	  86.43	0	5	0	31	0	0	1	0	0	0	0	0	0	0	0	0	0	2	0	0	0	0	0	0	0	0	0	0	26	0	3	0	0	1	0	55	0	0	0	0	0	0	0	0	0	0	0	0	0	0	0	0	4	46	
MiSeq_175	I2448_40_LNS_111_Project590_TNA_Manary_GCE_Pediatric_Stool_40_LNS_111_initial_NA0000435746	767680	 474843	  46.62	74303	   7.30	73411	  98.80	0	168	0	0	0	0	2	0	0	1	0	0	0	0	0	0	0	2	0	0	0	0	0	0	0	0	0	0	26	0	3	0	1	1	0	0	0	0	0	0	0	0	0	0	0	0	0	0	0	0	0	0	0	193	
MiSeq_175	I2449_25_LNS_68_Project590_TNA_Manary_GCE_Pediatric_Stool_25_LNS_68_initial_NA0000421648	580011	 660200	  65.32	229776	  22.73	226736	  98.68	0	0	0	5	0	0	0	0	0	132	2	0	48	0	2	0	0	11	4	0	0	0	0	0	0	2	0	1	20	0	5	0	0	1044	0	101	0	0	0	0	0	0	131	0	0	10	0	8	0	0	0	0	0	317	
MiSeq_175	I2450_27_LNS_68_Project590_TNA_Manary_GCE_Pediatric_Stool_27_LNS_68_endstudy1_NA0000421950	758844	 900166	  66.20	284853	  20.95	280237	  98.38	0	126	0	3	0	0	3	0	0	0	0	0	923	0	0	0	0	4	0	0	0	0	0	0	1	0	0	0	62	0	5	0	0	0	0	1107	0	0	0	0	0	0	0	0	0	11	0	1	0	0	0	0	0	62	
MiSeq_175	I2451_32_LNS_89_Project590_TNA_Manary_GCE_Pediatric_Stool_32_LNS_89_midstudy_NA0000441989	848983	 973863	  82.35	653088	  55.22	640720	  98.11	0	1	0	93	0	0	0	0	0	0	0	0	4	0	0	0	0	8	0	0	0	0	0	0	0	0	0	0	28	0	8	0	13	0	0	1516	0	0	0	0	0	0	93	0	0	0	0	0	0	0	0	0	0	4	
MiSeq_175	I2452_34_LNS_105_Project590_TNA_Manary_GCE_Pediatric_Stool_34_LNS_105_initial_NA0000419921	742741	 375188	  29.54	125645	   9.89	85757	  68.25	0	5	0	0	0	0	2	0	0	0	0	0	0	0	0	0	0	0	0	0	0	0	0	0	0	0	0	0	28	0	4	0	0	0	0	10	0	0	0	0	0	0	0	0	0	1	0	0	0	0	0	0	1	0	
MiSeq_175	I2453_23_LNS_67_Project590_TNA_Manary_GCE_Pediatric_Stool_23_LNS_67_midstudy_NA0000495266	616695	 440026	  41.11	100409	   9.38	29083	  28.96	0	0	0	0	0	0	0	0	0	0	0	0	0	0	0	0	0	0	0	0	0	0	0	0	0	0	0	0	16	0	4	0	0	0	0	2	0	0	0	0	0	0	2	0	0	0	0	0	0	0	0	0	2	114	
MiSeq_176	I2455_43_LNS_135_Project590_stool_Manary_GCE_Pediatric_Stool_43_LNS_135_initial_NA0000440155	654624	 403888	  35.42	72323	   6.34	72112	  99.71	0	0	0	1	0	0	0	0	0	0	0	0	0	0	0	0	0	0	0	0	0	0	0	0	0	0	0	0	48	0	0	0	0	0	0	106	0	0	0	0	0	0	0	0	0	0	0	0	0	0	0	0	25	0	
MiSeq_176	I2456_50_LNS_171_Project590_stool_Manary_GCE_Pediatric_Stool_50_LNS_171_midstudy_NA0000489386	433965	 455261	  72.89	219994	  35.22	208292	  94.68	0	520	0	12	0	0	0	0	0	21	0	0	0	0	1	6	0	2	0	0	0	0	0	1	0	0	0	0	49	0	36	0	4	28	0	10	0	0	16	0	0	0	0	0	0	0	0	0	0	0	0	0	9	12	
MiSeq_176	I2457_52_LNS_177_Project590_stool_Manary_GCE_Pediatric_Stool_52_LNS_177_initial_NA0000421817	360275	 299297	  54.53	70686	  12.88	62866	  88.94	0	0	0	14	0	0	0	0	0	0	0	0	0	0	0	0	0	2	0	0	0	0	0	0	0	0	0	0	28	0	15	0	2	0	0	7	0	0	0	0	0	0	0	0	0	0	0	0	0	0	0	1	22	13	
MiSeq_176	I2458_55_LNS_203_Project590_stool_Manary_GCE_Pediatric_Stool_55_LNS_203_initial_NA0000425732	370721	 473349	  96.00	414200	  84.00	406136	  98.05	0	0	0	0	0	0	0	0	0	0	0	0	0	0	0	0	0	1	0	0	0	0	0	0	0	0	0	4	17	0	0	0	0	0	0	5	0	0	0	0	0	0	0	0	0	0	0	0	0	0	0	0	12	17	
MiSeq_176	I2459_60_LNS_204_Project590_stool_Manary_GCE_Pediatric_Stool_60_LNS_204_endstudy1_NA0000436987	588548	 603910	  75.46	389973	  48.73	357648	  91.71	0	1	0	3	0	0	0	1	0	2	0	0	0	0	0	0	0	1	0	0	0	0	0	0	0	0	0	2	44	0	1	0	2	2	0	116	0	0	0	0	0	0	0	0	0	0	0	0	0	0	0	0	25	1	
MiSeq_176	I2460_49_LNS_171_Project590_stool_Manary_GCE_Pediatric_Stool_49_LNS_171_initial_NA0000419884	495831	 304086	  35.93	74993	   8.86	72826	  97.11	0	0	0	20	0	0	0	0	0	0	0	0	2	0	0	0	0	0	0	0	0	0	0	0	0	0	0	0	54	0	3	0	0	0	1	1351	0	0	0	0	0	0	0	0	0	0	0	0	0	0	0	0	15	0	
MiSeq_176	I2461_62_LNS_205_Project590_stool_Manary_GCE_Pediatric_Stool_62_LNS_205_midstudy_NA0000441999	507053	 575239	  88.76	422138	  65.14	417742	  98.96	1	2	0	0	0	0	49	0	0	1	0	0	2	0	0	1	1	3	0	0	0	4	0	0	0	0	0	0	115	0	10	1	3	0	67	121	0	0	0	0	0	0	1	0	0	0	0	0	0	1	0	0	15152	15	
MiSeq_176	I2462_54_LNS_177_Project590_stool_Manary_GCE_Pediatric_Stool_54_LNS_177_endstudy1_NA0000419247	477078	 581306	  78.75	264630	  35.85	259518	  98.07	0	202	0	35	0	0	0	0	0	0	4	0	0	0	0	0	0	6	0	0	0	0	0	0	0	0	0	0	39	0	0	0	0	0	0	2471	0	0	0	0	0	0	0	0	0	0	0	0	0	0	0	0	12	20	
MiSeq_176	I2463_46_LNS_170_Project590_stool_Manary_GCE_Pediatric_Stool_46_LNS_170_initial_NA0000420269	264544	 254522	  50.48	65204	  12.93	64329	  98.66	0	1	0	10	0	0	0	0	0	0	0	0	166	0	0	13	0	8	0	0	0	0	0	0	0	0	0	0	35	0	0	0	0	0	0	642	0	0	0	0	0	0	0	0	0	0	0	0	0	0	0	0	25	10	
MiSeq_176	I2464_53_LNS_177_Project590_stool_Manary_GCE_Pediatric_Stool_53_LNS_177_midstudy_NA0000496462	467836	 579651	  92.41	377194	  60.13	372777	  98.83	0	0	0	2	0	0	0	0	0	0	0	0	1	0	0	0	0	17	0	0	0	0	0	0	0	0	0	0	71	0	0	0	0	0	1	86	0	0	0	0	0	0	0	0	0	0	0	0	0	0	0	1	33	146	
MiSeq_176	I2465_44_LNS_135_Project590_stool_Manary_GCE_Pediatric_Stool_44_LNS_135_midstudy_NA0000497472	476100	 463715	  57.04	118674	  14.60	115828	  97.60	0	0	0	1	0	0	0	0	0	0	0	0	0	0	0	0	0	1	0	0	0	0	0	0	0	0	0	0	41	0	0	0	1	0	0	1140	0	0	0	0	0	0	0	0	0	0	0	0	0	0	0	0	27	0	
MiSeq_176	I2466_48_LNS_170_Project590_stool_Manary_GCE_Pediatric_Stool_48_LNS_170_endstudy1_NA0000422918	426918	 260579	  35.03	64600	   8.68	2506	   3.88	0	0	0	0	0	0	0	0	0	0	0	0	0	0	0	0	0	0	0	0	0	0	0	0	0	0	0	0	22	0	0	0	0	0	0	8	0	0	0	0	0	0	0	0	0	0	0	0	0	0	0	0	380	1	
MiSeq_176	I2467_57_LNS_203_Project590_stool_Manary_GCE_Pediatric_Stool_57_LNS_203_endstudy1_NA0000419561	546804	 598816	  89.73	501254	  75.11	494990	  98.75	0	0	0	0	0	0	0	0	0	0	45	0	0	0	0	0	0	4	0	0	0	0	0	0	0	0	0	0	45	0	0	0	1	16	285	0	0	0	0	0	6	0	0	0	0	0	0	2	0	0	0	0	28	6	
MiSeq_176	I2468_56_LNS_203_Project590_stool_Manary_GCE_Pediatric_Stool_56_LNS_203_midstudy_NA0000491667	527916	 522340	  74.87	299338	  42.90	279580	  93.40	0	0	0	5	0	0	0	0	0	0	0	0	0	0	0	0	0	18	0	0	0	0	0	0	0	0	0	0	48	0	0	0	0	0	0	0	0	0	0	0	0	0	0	0	0	0	0	0	0	0	0	0	12	65	
MiSeq_176	I2469_51_LNS_171_Project590_stool_Manary_GCE_Pediatric_Stool_51_LNS_171_endstudy1_NA0000419577	601603	 802015	  91.69	655777	  74.97	648773	  98.93	0	0	0	10	0	0	0	0	0	0	0	0	0	0	0	0	0	7	0	0	0	0	0	0	0	0	0	0	70	0	0	0	0	0	0	13	0	0	0	0	0	0	0	0	0	0	0	0	0	0	0	0	94	9	
MiSeq_176	I2470_59_LNS_204_Project590_stool_Manary_GCE_Pediatric_Stool_59_LNS_204_midstudy_NA0000496750	596451	 657341	  90.39	516777	  71.06	508872	  98.47	0	0	0	1	0	0	0	0	0	0	0	0	0	0	0	0	0	3	0	0	0	0	0	0	1	0	0	0	32	0	0	0	1	0	0	2	0	0	0	0	0	0	0	0	0	0	0	0	0	0	0	0	21	703	
MiSeq_176	I2471_61_LNS_205_Project590_stool_Manary_GCE_Pediatric_Stool_61_LNS_205_initial_NA0000420319	594281	 676247	  81.08	448363	  53.75	427674	  95.39	0	28	0	15	0	0	0	0	0	0	8	0	0	0	0	0	0	4	0	0	0	0	0	0	0	0	1	0	37	0	1	0	0	4	0	25	0	0	0	0	0	0	0	0	0	4	0	0	0	0	0	0	15	8	
MiSeq_176	I2472_45_LNS_135_Project590_stool_Manary_GCE_Pediatric_Stool_45_LNS_135_endstudy1_NA0000436551	682069	 718135	  90.74	552062	  69.76	546484	  98.99	0	0	0	0	0	0	0	0	0	0	3	0	0	0	0	0	0	5	0	0	0	0	0	0	1	0	0	0	29	0	0	0	0	0	0	98	0	0	0	0	0	0	0	0	0	0	0	0	0	0	0	0	36	4	
MiSeq_176	I2473_58_LNS_204_Project590_stool_Manary_GCE_Pediatric_Stool_58_LNS_204_initial_NA0000428569	347982	 367458	  60.76	77379	  12.80	76580	  98.97	0	2	0	1	0	0	0	0	0	0	0	0	0	0	0	0	0	0	0	0	0	0	0	0	0	0	0	0	48	0	0	0	0	0	0	518	0	0	0	0	0	0	0	0	0	0	0	0	0	0	0	0	23	27	
MiSeq_176	I2474_63_LNS_205_Project590_stool_Manary_GCE_Pediatric_Stool_63_LNS_205_endstudy1_NA0000426287	585450	 659641	  80.48	294062	  35.88	285857	  97.21	0	42	0	0	0	0	0	0	0	0	2	0	1	0	0	0	0	7	0	0	0	6	0	0	0	0	0	0	30	0	2	0	6	0	268	393	0	0	0	0	0	0	29	0	0	39	0	0	0	0	6	0	24	1268	
MiSeq_176	I2475_47_LNS_170_Project590_stool_Manary_GCE_Pediatric_Stool_47_LNS_170_midstudy_NA0000492951	523335	 671408	  87.81	131411	  17.19	130753	  99.50	0	0	0	5	0	0	160	0	0	4	0	0	0	0	0	0	0	0	0	0	0	0	0	0	0	0	0	0	19	0	0	0	0	0	0	364	0	0	0	0	0	0	0	0	0	0	0	0	0	0	0	2	116363	0	
MiSeq_223	I3573_64_LNS_208_Project590_stool_Manary_GCE_Pediatric_Stool_64_LNS_208_initial_NA0000418709	555744	 576153	  78.19	340953	  46.27	334133	  98.00	0	59	2	7	0	0	0	0	0	124	0	0	0	0	19	0	0	7	1	0	0	0	0	0	0	2	3	0	3	0	0	0	1	0	0	245	0	0	0	0	0	0	0	0	0	0	0	0	0	0	0	0	0	217	
MiSeq_223	I3574_65_LNS_208_Project590_stool_Manary_GCE_Pediatric_Stool_65_LNS_208_midstudy_NA0000497461	387223	 603263	  93.17	485291	  74.95	481832	  99.29	0	2	0	0	0	0	0	0	0	39	0	0	0	0	0	0	0	3	0	0	0	0	0	0	0	0	0	0	3	0	0	0	2	0	0	125	0	0	2	0	0	0	0	0	0	0	0	0	0	0	0	0	3363	22	
MiSeq_223	I3575_66_LNS_208_Project590_stool_Manary_GCE_Pediatric_Stool_66_LNS_208_endstudy1_NA0000426304	730572	 634287	  55.86	221422	  19.50	193986	  87.61	0	3	0	0	0	0	0	0	0	0	0	0	0	0	0	0	0	6	0	0	0	0	0	0	0	0	0	0	11	0	0	0	2	0	0	408	0	0	0	0	0	0	0	0	0	0	0	3	0	0	0	0	1	4704	
MiSeq_223	I3576_67_LNS_232_Project590_stool_Manary_GCE_Pediatric_Stool_67_LNS_232_initial_NA0000420336	630587	 642923	  85.22	267635	  35.47	254831	  95.22	0	40	0	5	0	2	0	1	0	0	0	0	0	0	0	0	0	4	0	0	0	0	0	0	0	0	0	0	2	0	0	0	2	0	0	10	0	0	0	0	0	0	0	0	0	0	0	0	0	0	0	0	0	139	
MiSeq_223	I3577_68_LNS_232_Project590_stool_Manary_GCE_Pediatric_Stool_68_LNS_232_midstudy_NA0000497660	768056	 843576	  65.78	224870	  17.53	221712	  98.60	0	2	0	0	0	0	0	0	0	0	0	0	3	0	0	0	0	22	0	0	0	0	0	0	0	0	0	0	12	0	0	0	13	0	0	217	0	0	0	0	0	0	0	0	0	0	0	0	0	0	0	0	2	196	
MiSeq_223	I3578_69_LNS_232_Project590_stool_Manary_GCE_Pediatric_Stool_69_LNS_232_endstudy1_NA0000419755	627470	 721859	  73.40	200166	  20.35	199180	  99.51	0	1	0	11	0	0	0	0	0	0	0	0	0	0	0	0	0	7	0	2	0	0	0	0	0	0	0	0	7	0	0	0	1	0	0	498	0	0	0	0	0	0	0	0	0	0	0	0	0	0	0	0	0	0	
MiSeq_223	I3579_70_LNS_233_Project590_stool_Manary_GCE_Pediatric_Stool_70_LNS_233_initial_NA0000428557	437306	 302642	  55.31	135245	  24.72	120503	  89.10	0	3	0	0	0	0	0	0	0	0	0	0	0	9	0	0	0	1	0	0	0	0	0	0	0	0	0	0	8	0	0	0	0	0	0	217	0	0	0	0	0	0	12	0	0	1216	4	27	0	0	0	0	0	5	
MiSeq_223	I3580_71_LNS_233_Project590_stool_Manary_GCE_Pediatric_Stool_71_LNS_233_midstudy_NA0000498388	628123	 418292	  42.85	136561	  13.99	129371	  94.73	0	8779	9	0	0	0	0	0	0	58	0	0	0	0	31	0	0	0	0	0	0	0	0	0	0	0	0	0	9	0	0	0	0	225	27	1562	0	0	0	0	0	0	0	0	0	1	0	0	0	0	0	0	0	288	
MiSeq_223	I3581_72_LNS_233_Project590_stool_Manary_GCE_Pediatric_Stool_72_LNS_233_endstudy1_NA0000437060	478428	 543861	  83.85	472694	  72.88	459088	  97.12	0	5138	0	0	0	0	0	0	0	0	0	0	0	0	0	0	0	0	0	0	0	0	0	0	0	0	0	0	19	0	0	0	0	0	0	31	0	0	0	0	0	0	0	0	0	0	0	0	0	0	0	0	0	152	
MiSeq_223	I3582_73_LNS_240_Project590_stool_Manary_GCE_Pediatric_Stool_73_LNS_240_initial_NA0000428559	523274	 535181	  62.47	141320	  16.50	132136	  93.50	0	2	0	69	0	0	0	0	0	0	0	0	0	0	0	0	0	6	0	0	0	0	0	0	0	0	0	0	6	0	0	0	0	0	0	39	0	0	0	0	0	0	0	0	0	0	0	0	0	0	0	0	1	0	
MiSeq_223	I3583_74_LNS_240_Project590_stool_Manary_GCE_Pediatric_Stool_74_LNS_240_midstudy_NA0000497686	471849	 429822	  69.75	261074	  42.36	252072	  96.55	0	3	0	0	0	0	0	0	0	0	0	0	0	0	0	0	0	1	0	0	0	0	0	0	0	0	0	0	7	0	0	0	0	0	0	20	0	0	0	0	0	0	0	0	0	0	0	0	0	0	0	0	14	0	
MiSeq_223	I3584_75_LNS_240_Project590_stool_Manary_GCE_Pediatric_Stool_75_LNS_240_endstudy1_NA0000418727	347861	 487434	  87.62	296770	  53.35	210875	  71.06	0	511	0	0	0	0	0	0	0	0	0	0	0	0	0	0	0	0	0	0	0	0	0	0	0	0	0	0	1	0	0	0	4	0	0	1753	0	0	0	0	0	0	0	0	0	0	0	0	0	0	0	0	0	2	
MiSeq_223	I3585_157_LNS_104_Project590_stool_Manary_GCE_Pediatric_Stool_157_LNS_104_final_NA0000422557	693170	 807904	  64.45	279671	  22.31	278455	  99.57	0	2	0	1	0	0	0	0	0	0	0	0	0	0	0	0	0	2	0	0	0	0	20	0	4	0	0	0	3	0	0	0	0	0	0	20328	0	0	0	0	0	0	0	0	0	0	0	0	0	0	0	1	0	0	
MiSeq_223	I3586_79_LNS_11_Project590_stool_Manary_GCE_Pediatric_Stool_79_LNS_11_final_NA0000421425	713222	 765423	  65.39	261446	  22.34	258110	  98.72	0	8	0	0	0	0	0	0	0	0	23	0	0	0	0	0	0	15	0	0	0	0	0	0	0	0	0	0	3	0	2	0	0	0	0	1271	0	0	0	0	0	0	0	0	0	0	0	1	0	0	0	0	0	34	
MiSeq_223	I3587_92_LNS_11_Project590_stool_Manary_GCE_Pediatric_Stool_92_LNS_11_midstudy_NA0000494082	765252	 466007	  50.87	121867	  13.30	118610	  97.33	0	0	0	2	0	0	0	0	0	4	0	0	1	0	0	1	0	21	0	0	0	0	0	0	0	0	0	0	5	0	0	0	5	0	0	23	0	0	0	0	0	0	0	0	0	0	0	0	0	0	0	0	5	2	
MiSeq_223	I3588_117_LNS_121_Project590_stool_Manary_GCE_Pediatric_Stool_117_LNS_121_midstudy_NA0000492525	619586	 740491	  75.42	325808	  33.18	323028	  99.15	0	0	0	25	0	0	0	0	0	0	0	0	0	0	0	0	0	8	0	0	0	0	0	0	0	0	0	1	8	0	0	0	0	0	0	267	0	6	0	0	0	0	0	0	0	0	0	32	0	0	0	0	1	122	
MiSeq_223	I3589_135_LNS_121_Project590_stool_Manary_GCE_Pediatric_Stool_135_LNS_121_initial_NA0000440150	1328960	1343108	  69.90	300655	  15.65	296563	  98.64	0	19	0	2	0	0	0	0	0	0	0	0	0	0	0	1	0	10	0	0	1	0	0	0	0	0	0	0	23	0	0	0	4	0	0	6229	0	0	0	0	0	0	0	0	0	2	0	2	0	1	0	0	4	387	
MiSeq_223	I3590_119_LNS_121_Project590_stool_Manary_GCE_Pediatric_Stool_119_LNS_121_final_NA0000422166	818976	 828225	  60.28	259316	  18.87	254141	  98.00	0	0	0	81	0	0	0	0	0	0	0	0	0	0	0	0	0	5	0	0	0	0	0	0	13	0	9	0	5	0	0	0	4	0	0	625	0	0	0	0	0	0	0	0	0	0	0	0	0	0	0	0	0	749	
MiSeq_223	I3591_103_LNS_104_Project590_stool_Manary_GCE_Pediatric_Stool_103_LNS_104_midstudy_NA0000488640	429547	 358635	  49.07	98039	  13.41	97550	  99.50	0	1	0	0	0	0	0	0	0	0	0	0	0	0	0	0	0	6	0	0	0	0	0	0	0	0	0	0	3	0	0	0	0	0	0	9	0	0	0	0	0	0	0	0	0	0	0	0	0	0	0	0	1	13	
MiSeq_223	I3592_127_LNS_11_Project590_stool_Manary_GCE_Pediatric_Stool_127_LNS_11_initial_NA0000441288	22	     25	  78.12	26	  81.25	26	 100.00	0	0	0	0	0	0	0	0	0	0	0	0	0	0	0	0	0	0	0	0	0	0	0	0	0	0	0	0	0	0	0	0	0	0	0	0	0	0	0	0	0	0	0	0	0	0	0	0	0	0	0	0	0	0	
MiSeq_224	I3594_153_LNS_190_Project590_stool_Manary_GCE_Pediatric_Stool_153_LNS_190_midstudy_NA0000496196	542234	 465876	  61.23	115733	  15.21	111284	  96.16	0	1	0	0	0	1	0	0	0	0	0	0	4	0	0	0	0	3	0	0	0	0	0	0	0	0	0	0	4	0	0	0	2	0	0	1133	0	0	0	0	0	0	0	0	0	0	0	0	0	0	0	0	39199	23	
MiSeq_224	I3595_116_LNS_154_Project590_stool_Manary_GCE_Pediatric_Stool_116_LNS_154_initial_NA0000436957	433831	 372423	  60.68	130134	  21.20	128948	  99.09	0	3	0	12	0	0	0	0	0	0	0	0	0	0	0	0	0	1	0	0	0	0	0	0	0	0	0	0	6	0	0	0	0	0	0	10	0	0	0	0	0	0	0	0	0	0	0	0	0	0	0	0	8	90	
MiSeq_224	I3596_143_LNS_154_Project590_stool_Manary_GCE_Pediatric_Stool_143_LNS_154_final_NA0000422905	1632065	1470913	  75.06	1032186	  52.67	1020238	  98.84	0	1	0	1	0	0	0	0	0	0	0	0	0	0	0	0	0	1	0	0	0	0	0	0	0	0	0	0	20	0	1	0	1	0	0	2	0	0	0	0	0	0	0	0	0	1	0	0	0	0	0	0	1815	85	
MiSeq_224	I3597_114_LNS_148_Project590_stool_Manary_GCE_Pediatric_Stool_114_LNS_148_midstudy_NA0000491683	390174	 272228	  60.19	131014	  28.97	122881	  93.79	0	1	0	0	0	0	0	0	0	0	0	0	0	0	0	1	0	1	0	0	0	0	0	0	0	0	0	0	3	0	0	0	0	0	0	19	0	0	0	0	0	0	0	0	0	0	0	0	0	0	0	0	5	0	
MiSeq_224	I3598_123_LNS_148_Project590_stool_Manary_GCE_Pediatric_Stool_123_LNS_148_initial_NA0000440160	503388	 248367	  37.65	61461	   9.32	59880	  97.43	0	955	0	0	0	0	0	0	0	0	0	0	0	0	0	0	0	0	0	0	0	0	0	0	0	0	0	0	3	0	0	0	0	0	0	785	0	0	0	0	0	0	0	0	0	0	0	0	0	0	0	0	36	1	
MiSeq_224	I3599_146_LNS_158_Project590_stool_Manary_GCE_Pediatric_Stool_146_LNS_158_initial_NA0000421845	462928	 494098	  85.34	327136	  56.50	321553	  98.29	0	0	0	2	0	0	0	0	0	8	0	0	0	0	0	0	0	5	0	0	0	0	0	0	0	0	0	0	10	0	0	0	1	0	0	89	0	0	0	0	0	0	186	0	0	0	0	1	0	0	0	0	7	187	
MiSeq_224	I3600_131_LNS_133_Project590_stool_Manary_GCE_Pediatric_Stool_131_LNS_133_midstudy_NA0000488870	538788	 651136	  88.24	542868	  73.57	524268	  96.57	0	6	0	1	0	0	0	1	0	0	0	0	1	0	0	0	0	5	0	0	0	0	0	0	0	0	0	1	6	0	0	0	1	0	0	50	0	0	0	0	0	0	0	0	0	0	0	0	0	0	0	0	21	96	
MiSeq_224	I3601_118_LNS_190_Project590_stool_Manary_GCE_Pediatric_Stool_118_LNS_190_initial_NA0000435256	579289	 388750	  50.35	100822	  13.06	100343	  99.52	0	1	0	0	0	0	0	0	0	26	0	0	4	0	0	0	0	5	0	0	0	0	0	0	0	0	0	0	2	0	0	0	0	4	0	605	0	0	0	0	0	0	0	0	0	86	0	0	0	0	0	0	0	63	
MiSeq_224	I3602_107_LNS_158_Project590_stool_Manary_GCE_Pediatric_Stool_107_LNS_158_midstudy_NA0000492536	854422	 532594	  51.83	75910	   7.39	74357	  97.95	0	1	0	0	0	0	0	0	0	0	0	0	0	0	0	0	0	5	0	0	0	0	0	0	0	0	0	0	5	0	2	0	1	0	0	276	0	0	0	0	0	0	0	0	0	0	0	0	0	0	0	0	17	52	
MiSeq_224	I3603_84_LNS_131_Project590_stool_Manary_GCE_Pediatric_Stool_84_LNS_131_final_NA0000422180	578488	 442174	  54.83	114142	  14.15	110734	  97.01	0	0	0	0	0	0	0	0	0	0	0	0	0	0	0	0	0	40	0	0	0	0	0	0	1	0	1	0	4	0	0	0	0	0	0	2	0	0	0	0	0	0	0	0	0	0	0	0	0	0	0	0	4	2	
MiSeq_224	I3604_136_LNS_138_Project590_stool_Manary_GCE_Pediatric_Stool_136_LNS_138_initial_NA0000425333	275074	 200177	  54.16	105510	  28.55	44516	  42.19	0	1	0	8	0	0	0	0	0	0	7	0	0	0	0	0	0	0	0	0	0	0	0	0	0	0	0	0	18	0	0	0	0	10	0	294	0	0	0	0	0	0	0	0	0	0	0	0	0	0	0	0	24	14	
MiSeq_224	I3605_129_LNS_158_Project590_stool_Manary_GCE_Pediatric_Stool_129_LNS_158_final_NA0000436204	629939	 752545	  88.94	633025	  74.82	626001	  98.89	0	0	0	2	0	0	0	0	0	1	0	0	0	0	0	0	0	5	0	0	0	0	0	0	0	0	0	0	5	0	0	0	0	0	0	50	0	0	0	0	0	0	0	0	0	0	0	0	0	0	0	0	1	473	
MiSeq_224	I3606_148_LNS_133_Project590_stool_Manary_GCE_Pediatric_Stool_148_LNS_133_initial_NA0000436949	419203	 456135	  78.29	80751	  13.86	76935	  95.27	0	1	0	1169	0	0	0	0	0	0	0	0	0	0	0	0	0	65	0	0	0	0	0	0	0	0	0	0	3	1	5	0	0	84	0	213	0	0	0	0	0	0	0	0	0	0	0	0	0	0	0	0	8	9	
MiSeq_224	I3607_158_LNS_131_Project590_stool_Manary_GCE_Pediatric_Stool_158_LNS_131_midstudy_NA0000492532	222404	 152561	  58.65	58000	  22.30	56721	  97.79	0	1	0	4	0	0	0	0	0	0	0	0	0	0	0	0	0	2	0	0	0	0	0	0	0	0	0	0	8	0	1	0	2	38	0	8	0	0	0	0	0	0	0	0	0	0	0	0	0	0	0	0	6	11	
MiSeq_224	I3608_104_LNS_154_Project590_stool_Manary_GCE_Pediatric_Stool_104_LNS_154_midstudy_NA0000489367	97	    181	  93.30	164	  84.54	154	  93.90	0	0	0	0	0	0	0	0	0	0	0	0	0	0	0	0	0	0	0	0	0	0	0	0	0	0	0	0	1	0	0	0	0	0	0	0	0	0	0	0	0	0	0	0	0	0	0	0	0	0	0	0	0	0	
MiSeq_224	I3609_76_LNS_138_Project590_stool_Manary_GCE_Pediatric_Stool_76_LNS_138_final_NA0000437126	2421473	2490768	  76.79	1732660	  53.42	1707354	  98.54	0	1	0	0	0	0	0	0	0	0	0	0	0	0	0	0	1	16	0	0	0	0	0	0	0	0	0	9	19	0	0	0	0	1	0	620	0	0	0	1	0	0	0	0	0	29	0	1	1	0	0	0	15	4235	
MiSeq_224	I3610_87_LNS_190_Project590_stool_Manary_GCE_Pediatric_Stool_87_LNS_190_final_NA0000436578	1219811	 820503	  56.40	386103	  26.54	341308	  88.40	0	0	0	0	0	0	0	0	0	0	0	0	0	0	0	0	0	0	0	0	0	0	0	0	0	0	0	0	2	0	0	0	0	0	0	2	0	0	0	0	0	0	0	0	2	0	0	0	0	0	0	0	8	2	
MiSeq_224	I3611_113_LNS_138_Project590_stool_Manary_GCE_Pediatric_Stool_113_LNS_138_midstudy_NA0000497462	749418	 583613	  53.88	101795	   9.40	99733	  97.97	0	1	0	0	0	0	0	0	0	0	21	0	0	0	0	0	0	14	0	0	0	0	0	0	0	0	0	0	0	0	0	0	0	0	0	203	0	0	0	0	0	0	0	0	0	0	0	0	0	0	0	0	5	52	
MiSeq_224	I3612_151_LNS_148_Project590_stool_Manary_GCE_Pediatric_Stool_151_LNS_148_final_NA0000436540	756180	 662864	  60.92	361165	  33.19	355042	  98.30	0	18	0	3	0	0	0	0	0	0	14	0	0	0	0	0	2	0	0	0	0	0	0	0	0	0	0	0	4	0	0	0	1	0	0	427	0	0	0	0	0	0	0	0	0	0	0	2	0	0	0	0	11	13	
MiSeq_224	I3613_139_LNS_131_Project590_stool_Manary_GCE_Pediatric_Stool_139_LNS_131_initial_NA0000425332	914605	 733462	  66.37	424422	  38.41	419222	  98.77	0	23	0	11	0	0	0	0	0	0	0	0	0	0	0	0	0	2	0	0	0	0	0	0	0	0	0	0	7	0	1	0	0	0	0	57	0	0	0	0	0	0	0	0	0	140	1	0	0	0	0	0	13	239	
MiSeq_224	I3614_150_LNS_133_Project591_stool_Manary_GCE_Pediatric_Stool_150_LNS_133_final_NA0000436866	449690	 588095	  86.25	244449	  35.85	243864	  99.76	0	318	0	22	0	0	0	0	0	0	0	0	52	0	0	0	0	73	0	0	0	0	0	0	0	0	0	0	6	0	18	0	0	4	0	925	0	0	0	0	0	0	0	0	31	0	0	1	0	0	0	0	28	9206	
MiSeq_233	I3709_141_LNS_253_Project590_stool_Manary_GCE_Pediatric_Stool_141_LNS_253_initial_NA0000425854	1756541	1530884	  65.12	798756	  33.98	777669	  97.36	0	1065	0	27	0	0	0	0	0	0	0	0	0	0	0	0	0	0	0	0	0	0	0	0	0	1	0	0	10	0	5	0	4	0	0	1039	0	0	0	0	0	0	0	0	0	0	0	0	0	0	0	0	1	298	
MiSeq_233	I3710_96_LNS_236_Project590_stool_Manary_GCE_Pediatric_Stool_96_LNS_236_midstudy_NA0000497488	288957	 302588	  70.61	173487	  40.48	169962	  97.97	0	0	0	5	0	0	0	0	0	0	0	0	0	0	0	3	0	1	0	0	0	0	0	0	0	0	0	0	9	0	0	0	3	0	0	249	0	0	0	0	0	0	0	0	0	0	0	0	0	0	0	0	137	16	
MiSeq_233	I3711_82_LNS_236_Project590_stool_Manary_GCE_Pediatric_Stool_82_LNS_236_initial_NA0000428535	293090	 381140	  86.29	306753	  69.45	296480	  96.65	0	0	0	10	0	0	0	0	0	0	0	0	0	0	0	0	0	0	0	0	0	0	0	0	0	0	0	0	3	0	0	0	0	0	0	158	0	0	0	0	0	0	0	0	0	0	0	0	0	0	0	0	0	5	
MiSeq_233	I3712_105_LNS_253_Project590_stool_Manary_GCE_Pediatric_Stool_105_LNS_253_midstudy_NA0000498383	2416788	2240043	  70.08	1345389	  42.09	1324341	  98.44	0	0	0	5	0	0	0	0	0	699	0	0	7	0	33	0	0	6	0	0	0	0	0	0	0	0	0	0	13	0	0	0	5	0	0	1036	0	0	0	1	0	0	1	0	0	0	0	0	0	0	0	0	2	41	
MiSeq_233	I3713_86_LNS_236_Project590_stool_Manary_GCE_Pediatric_Stool_86_LNS_236_final_NA0000437149	978200	 938371	  74.53	612813	  48.67	598408	  97.65	0	0	0	13	0	0	0	0	0	0	0	0	0	0	0	10	0	8	0	0	0	0	0	0	0	0	0	2	17	0	0	0	2	3	0	15	0	0	0	0	0	0	4	0	0	0	0	0	0	0	0	0	0	90	
MiSeq_233	I3714_110_LNS_21_Project590_stool_Manary_GCE_Pediatric_Stool_110_LNS_21_initial_NA0000455572	350249	 360107	  65.00	102067	  18.42	95651	  93.71	0	0	0	9	0	0	0	0	0	0	0	0	8	0	0	0	0	0	0	0	0	0	0	0	0	0	0	0	4	0	0	0	0	0	0	1520	0	0	0	0	0	0	0	0	0	0	0	0	0	1	0	0	3	18	
MiSeq_233	I3715_80_LNS_203_Project590_stool_Manary_GCE_Pediatric_Stool_80_LNS_203_midstudy_NA0000496423	555458	 406842	  59.10	243370	  35.35	233643	  96.00	0	0	0	0	1	0	0	0	0	0	0	0	0	0	0	0	1	9	0	0	0	0	0	0	0	0	0	1	4	0	0	0	2	0	0	0	0	0	0	0	0	0	0	0	0	0	0	0	0	0	0	0	2	24	
MiSeq_233	I3716_140_LNS_205_Project590_stool_Manary_GCE_Pediatric_Stool_140_LNS_205_initial_NA0000420330	723269	 829669	  80.90	615528	  60.02	596146	  96.85	0	34	0	20	0	0	0	0	0	0	1	0	0	0	0	0	0	1	0	0	0	0	0	0	0	0	1	0	7	0	0	0	0	2	0	14	0	0	0	0	0	0	0	0	0	1	0	0	0	0	0	0	0	8	
MiSeq_233	I3717_111_LNS_231_Project590_stool_Manary_GCE_Pediatric_Stool_111_LNS_231_initial_NA0000435720	316833	 392815	  73.95	145380	  27.37	144381	  99.31	0	59	0	0	0	0	0	0	0	0	0	0	0	0	0	0	0	1	0	0	0	0	0	0	0	0	0	0	4	0	0	0	0	0	0	74	0	0	0	0	0	0	0	0	0	0	0	0	0	0	0	0	1	38	
MiSeq_233	I3718_102_LNS_253_Project590_stool_Manary_GCE_Pediatric_Stool_102_LNS_253_final_NA0000437043	256689	 272214	  75.74	136672	  38.03	128985	  94.38	0	0	0	16	0	0	0	0	0	0	0	0	0	0	0	0	0	0	1	0	0	0	0	0	0	0	0	0	2	0	0	0	0	0	0	6780	0	0	0	0	0	0	0	0	0	0	0	0	0	0	0	0	0	80	
MiSeq_233	I3719_108_LNS_220_Project590_stool_Manary_GCE_Pediatric_Stool_108_LNS_220_midstudy_NA0000493893	272890	 208865	  44.55	76681	  16.36	75812	  98.87	0	5	0	0	0	0	0	0	0	0	0	0	0	0	0	0	0	0	0	0	0	0	0	0	0	0	0	0	3	0	0	0	0	0	0	68	0	0	0	0	0	0	0	0	0	0	0	0	0	0	0	0	0	3	
MiSeq_233	I3720_126_LNS_203_Project590_stool_Manary_GCE_Pediatric_Stool_126_LNS_203_initial_NA0000425702	265930	 365757	  84.42	341990	  78.93	335925	  98.23	0	0	0	0	0	0	0	0	0	0	0	1	0	0	0	0	0	0	0	0	0	0	0	0	0	0	0	2	0	0	1	0	1	0	0	8	0	0	0	0	0	0	0	0	0	0	0	0	0	0	0	0	1	9	
MiSeq_233	I3721_77_LNS_21_Project590_stool_Manary_GCE_Pediatric_Stool_77_LNS_21_final_NA0000422884	783612	 931213	  78.01	762598	  63.89	753346	  98.79	0	0	0	0	0	0	0	0	0	4	7	0	0	0	0	0	1	2	0	0	0	0	0	0	0	0	0	1	22	0	0	0	10	0	0	163	0	0	0	0	0	0	0	0	0	0	0	0	0	0	0	0	2	4	
MiSeq_233	I3722_132_LNS_21_Project590_stool_Manary_GCE_Pediatric_Stool_132_LNS_21_midstudy_NA0000492539	204573	 223226	  58.76	70686	  18.61	70331	  99.50	0	4	0	0	0	0	0	0	0	0	0	0	0	0	0	0	16	0	0	0	0	0	0	0	0	0	0	0	4	0	0	0	28	0	0	7446	0	0	0	0	0	0	0	0	0	0	0	0	0	0	0	0	77	1	
MiSeq_233	I3723_137_LNS_220_Project590_stool_Manary_GCE_Pediatric_Stool_137_LNS_220_initial_NA0000428546	166660	 233597	  85.12	91563	  33.36	90396	  98.73	0	2	0	13	0	0	0	0	0	0	0	0	0	1	0	0	0	4	0	0	0	0	0	0	0	0	0	0	1	0	1761	0	0	13	0	31	0	0	0	0	0	0	0	0	0	59	0	0	0	0	0	0	33	9345	
MiSeq_233	I3724_125_LNS_205_Project590_stool_Manary_GCE_Pediatric_Stool_125_LNS_205_final_NA0000436173	170185	 240788	  85.43	144187	  51.16	140625	  97.53	0	17	0	0	0	0	0	0	0	0	0	0	0	0	0	0	0	1	0	0	0	0	0	0	0	0	0	0	3	0	4	0	1	0	6	13	0	0	0	0	0	0	4	0	0	0	0	0	0	0	0	0	0	195	
MiSeq_233	I3725_95_LNS_231_Project590_stool_Manary_GCE_Pediatric_Stool_95_LNS_231_midstudy_NA0000497468	15	     15	  71.43	17	  80.95	17	 100.00	0	0	0	0	0	0	0	0	0	0	0	0	0	0	0	0	0	0	0	0	0	0	0	0	0	0	0	0	0	0	0	0	0	0	0	0	0	0	0	0	0	0	0	0	0	0	0	0	0	0	0	0	0	0	
MiSeq_233	I3726_81_LNS_231_Project590_stool_Manary_GCE_Pediatric_Stool_81_LNS_231_final_NA0000419483	236607	 335879	  88.13	269452	  70.70	266684	  98.97	0	0	0	1	0	0	0	0	0	21	0	0	196	0	2	0	0	1	0	0	0	0	0	0	0	0	1	0	1	0	0	0	1	0	0	54	0	0	0	0	0	0	0	0	0	0	0	2	0	0	0	0	0	80	
MiSeq_233	I3727_115_LNS_205_Project590_stool_Manary_GCE_Pediatric_Stool_115_LNS_205_midstudy_NA0000442006	337695	 303808	  74.59	194118	  47.66	190191	  97.98	0	0	0	1	0	0	7	0	0	0	0	0	1	0	0	0	0	0	0	0	0	2	0	0	0	0	0	0	1	0	1	0	6	0	15	87	0	0	0	0	0	0	0	0	0	0	0	0	0	0	0	0	7050	6	
MiSeq_233	I3728_120_LNS_220_Project590_stool_Manary_GCE_Pediatric_Stool_120_LNS_220_final_NA0000419756	279229	 273256	  79.08	212024	  61.36	207309	  97.78	0	10	0	8	0	0	0	0	0	0	0	0	0	0	0	0	0	0	0	0	0	0	0	0	0	0	0	0	0	0	0	0	0	3	0	11	0	0	0	0	0	0	0	0	0	0	0	0	0	0	0	0	0	1	
MiSeq_233	I3729_85_LNS_203_Project590_stool_Manary_GCE_Pediatric_Stool_85_LNS_203_final_NA0000426603	159624	 233625	  87.17	217071	  80.99	214412	  98.78	0	0	0	0	0	0	0	0	0	0	1	0	0	0	0	0	0	0	0	0	0	0	0	0	0	0	0	1	2	0	0	0	1	0	109	0	0	0	0	0	0	0	0	0	0	0	0	0	0	0	0	0	0	2	
MiSeq_234	I3731_94_LNS_66_Project590_stool_Manary_GCE_Pediatric_Stool_94_LNS_66_midstudy_NA0000487617	1536644	1187461	  60.49	536207	  27.32	516069	  96.24	0	18	0	1	0	0	0	0	0	0	0	29	6	0	0	0	0	6	0	0	0	0	0	0	0	0	0	0	37	0	7	0	10	0	0	22	0	1	9	0	0	0	0	0	0	0	0	0	0	0	0	0	1	1	
MiSeq_234	I3732_88_LNS_3_Project590_stool_Manary_GCE_Pediatric_Stool_88_LNS_3_midstudy_NA0000494080	731801	 913162	  89.79	650680	  63.98	641843	  98.64	0	47	0	12	0	2	0	0	0	0	0	0	0	0	0	2	0	189	0	0	0	0	0	1	0	0	0	0	18	0	8	0	0	0	0	54	0	0	0	0	0	0	0	0	0	0	0	0	0	0	0	0	11	86	
MiSeq_234	I3733_159_LNS_3_Project590_stool_Manary_GCE_Pediatric_Stool_159_LNS_3_final_NA0000422106	847434	 766889	  54.91	191706	  13.73	188503	  98.33	0	14847	0	63	0	0	0	0	0	4	0	0	0	0	0	0	0	21	0	0	0	0	0	0	0	0	1	0	17	0	0	0	4	0	0	954	0	321	0	0	0	0	0	0	0	0	0	32	0	0	0	0	0	1025	
MiSeq_234	I3734_142_LNS_6_Project590_stool_Manary_GCE_Pediatric_Stool_142_LNS_6_initial_NA0000441876	700694	 664709	  60.55	193536	  17.63	183981	  95.06	0	31363	0	949	0	0	0	0	0	0	0	0	0	0	0	0	0	11	0	0	0	0	0	0	0	0	1	0	10	0	0	0	1	0	0	264	0	0	0	0	0	0	0	0	0	3	0	0	0	0	0	0	65	2	
MiSeq_234	I3735_130_LNS_60_Project590_stool_Manary_GCE_Pediatric_Stool_130_LNS_60_initial_NA0000434840	840497	1007341	  85.71	776072	  66.03	633292	  81.60	0	1	0	3	0	0	0	0	0	0	7	0	0	0	0	0	0	7	0	0	0	0	0	0	0	0	0	0	17	0	1	0	1	0	0	1330	0	0	0	0	0	0	0	0	0	0	0	0	0	0	0	3	0	1	
MiSeq_234	I3736_154_LNS_72_Project590_stool_Manary_GCE_Pediatric_Stool_154_LNS_72_final_NA0000426881	997447	1057157	  73.34	402349	  27.91	396846	  98.63	0	1	0	14	0	0	0	1	0	0	69	0	12	0	0	0	0	77	0	0	0	0	0	0	0	0	0	0	17	0	0	0	12	0	0	1392	0	0	0	0	0	0	0	0	0	0	0	0	0	0	0	5	0	7958	
MiSeq_234	I3737_138_LNS_67_Project590_stool_Manary_GCE_Pediatric_Stool_138_LNS_67_initial_NA0000441955	592829	 660204	  79.06	360455	  43.17	351790	  97.60	0	2	0	20	0	0	0	0	0	0	0	0	0	0	0	0	0	4	0	0	0	0	0	0	0	12	0	0	35	0	0	0	10	0	17	48	0	0	0	0	0	0	0	0	0	0	0	0	0	0	0	0	6	525	
MiSeq_234	I3738_144_LNS_60_Project590_stool_Manary_GCE_Pediatric_Stool_144_LNS_60_final_NA0000425566	865173	 684926	  50.82	141376	  10.49	139511	  98.68	0	7	0	0	0	0	0	0	0	0	0	0	0	0	0	0	0	19	0	0	0	0	0	0	0	0	0	0	12	0	0	0	1	0	0	1316	0	0	0	0	0	0	0	0	0	0	0	23	0	0	0	7	0	1	
MiSeq_234	I3739_147_LNS_66_Project590_stool_Manary_GCE_Pediatric_Stool_147_LNS_66_initial_NA0000421628	653402	 562262	  55.32	206232	  20.29	201247	  97.58	0	13	0	4	0	0	0	0	0	0	0	0	1	0	0	0	0	6	0	0	0	0	0	0	0	0	0	0	23	0	1	0	3	0	0	447	0	0	0	0	0	0	0	0	0	16	0	0	0	0	0	0	2	18	
MiSeq_234	I3740_83_LNS_72_Project590_stool_Manary_GCE_Pediatric_Stool_83_LNS_72_initial_NA0000434868	951338	 780670	  65.63	456263	  38.36	446501	  97.86	0	7	0	0	0	0	0	0	0	0	0	0	0	0	0	0	0	0	0	0	0	0	0	0	0	0	0	0	26	0	1	0	0	0	0	14	0	0	0	0	0	0	0	0	0	0	0	0	0	0	0	0	0	2	
MiSeq_234	I3741_124_LNS_3_Project590_stool_Manary_GCE_Pediatric_Stool_124_LNS_3_initial_NA0000441885	981964	 552879	  40.03	179965	  13.03	160085	  88.95	0	2	0	2	0	0	0	0	0	0	0	0	0	0	0	0	0	3	0	0	0	0	0	0	0	0	0	0	20	0	0	0	0	0	0	2455	0	0	0	0	0	0	0	0	0	0	0	0	0	15	0	0	0	0	
MiSeq_234	I3742_152_LNS_66_Project590_stool_Manary_GCE_Pediatric_Stool_152_LNS_66_final_NA0000422199	975200	1005692	  78.51	766927	  59.87	756456	  98.63	0	21	0	0	0	0	0	0	0	0	5	0	2	0	0	0	0	6	0	0	0	0	0	0	0	1	0	0	56	1	1	0	38	0	0	1322	0	0	0	0	0	0	0	0	0	0	0	0	0	0	0	0	0	4	
MiSeq_234	I3743_89_LNS_67_Project590_stool_Manary_GCE_Pediatric_Stool_89_LNS_67_midstudy_NA0000495255	1448049	1119518	  58.62	418675	  21.92	406482	  97.09	0	15	0	12	0	0	0	0	0	0	0	0	0	0	0	1	0	1	0	0	0	0	0	0	0	0	0	0	13	0	1	0	0	2	16	61	0	0	0	0	0	0	0	0	0	0	0	0	0	0	0	0	99	260	
MiSeq_234	I3744_90_LNS_72_Project590_stool_Manary_GCE_Pediatric_Stool_90_LNS_72_midstudy_NA0000487616	924737	1189895	  89.97	841711	  63.64	797469	  94.74	0	14	0	1	0	0	0	0	0	0	0	0	0	0	0	1	1	8	0	0	0	0	0	0	0	0	1	0	32	0	0	0	1	1	0	7	0	0	0	1	0	0	0	0	0	0	0	0	0	0	0	1	0	29	
MiSeq_234	I3745_93_LNS_6_Project590_stool_Manary_GCE_Pediatric_Stool_93_LNS_6_midstudy_NA0000494489	892426	 924769	  64.34	309538	  21.53	299173	  96.65	0	6	0	0	0	0	0	0	0	0	0	0	1	0	0	0	0	3	0	0	0	0	0	0	1	0	0	0	25	0	0	0	24	1201	0	97	0	0	0	0	0	0	0	0	0	0	0	6	0	0	0	0	72	0	
MiSeq_234	I3746_155_LNS_6_Project590_stool_Manary_GCE_Pediatric_Stool_155_LNS_6_final_NA0000422102	57041	  72448	  90.05	65890	  81.90	65007	  98.66	0	0	0	0	0	0	0	0	0	0	0	0	0	0	0	0	0	0	0	0	0	0	0	0	0	0	0	0	1	0	0	0	3	9	0	0	0	0	0	0	0	0	0	0	0	0	0	0	0	0	0	0	0	15	
MiSeq_234	I3747_112_LNS_67_Project590_stool_Manary_GCE_Pediatric_Stool_112_LNS_67_final_NA0000420204	1779621	2245742	  86.01	1860486	  71.26	1848936	  99.38	0	101	0	0	0	0	0	1	0	0	0	0	0	0	0	0	0	11	0	0	0	0	0	0	0	0	0	1	25	0	3	0	1	0	0	8	0	0	0	0	0	0	0	0	0	0	0	0	0	0	0	0	7	100	
MiSeq_234	I3748_106_LNS_60_Project591_stool_Manary_GCE_Pediatric_Stool_106_LNS_60_midstudy_NA0000441978	824707	 726590	  54.67	190807	  14.36	189224	  99.17	0	15	0	0	0	0	0	1	0	0	81	0	240	0	0	0	0	10	0	0	0	0	0	0	0	0	0	0	7	0	0	0	11	5	0	2672	0	0	0	0	0	0	0	0	0	5	0	1	0	0	0	34	0	3	
MiSeq_235	I3750_121_LNS_75_Project590_stool_Manary_GCE_Pediatric_Stool_121_LNS_75_final_NA0000424989	862979	 866103	  66.51	406168	  31.19	387000	  95.28	0	0	0	62	0	0	1	0	0	0	0	0	0	0	0	0	0	11	0	0	0	0	0	0	1	0	0	0	44	0	5	0	0	0	0	21264	0	0	2	0	0	0	0	0	0	0	0	1	0	0	0	0	1	54	
MiSeq_235	I3751_149_LNS_75_Project590_stool_Manary_GCE_Pediatric_Stool_149_LNS_75_initial_NA0000434871	961036	1067931	  69.79	350851	  22.93	345880	  98.58	0	0	0	46	0	2	1	0	0	0	0	0	7	0	0	0	0	57	0	0	0	0	0	0	0	0	0	0	37	0	133	0	13	0	0	93141	0	0	43	0	0	0	7	0	0	0	0	0	0	0	0	0	10	75	
MiSeq_235	I3752_134_LNS_8_Project590_stool_Manary_GCE_Pediatric_Stool_134_LNS_8_initial_NA0000441255	762340	 746045	  74.19	449588	  44.71	439481	  97.75	0	0	0	24	0	0	2	0	0	0	0	0	0	0	0	0	0	17	0	0	0	0	0	0	0	0	0	0	53	0	8	0	4	12	0	660	0	0	0	0	1	0	0	0	0	0	0	0	0	0	0	0	5	19	
MiSeq_235	I3753_98_LNS_8_Project590_stool_Manary_GCE_Pediatric_Stool_98_LNS_8_midstudy_NA0000494053	1204431	1056166	  69.24	643172	  42.16	626078	  97.34	0	8	0	15	0	0	2	0	0	0	0	0	1	0	0	1	0	2	0	0	0	0	0	0	1	0	0	5	64	0	10	0	11	0	0	112	0	0	0	0	0	0	0	0	0	0	0	0	0	0	0	0	1973	46	
MiSeq_235	I3754_145_LNS_8_Project590_stool_Manary_GCE_Pediatric_Stool_145_LNS_8_final_NA0000426849	998009	 979869	  66.95	423269	  28.92	397468	  93.90	0	1	0	8	0	0	1	0	0	0	0	0	0	0	0	0	0	4	0	0	0	0	0	0	0	0	1	1	114	0	11	0	2	105	0	2604	0	0	0	0	0	0	0	0	0	0	0	0	0	0	0	0	2	124	
MiSeq_235	I3755_156_LNS_96_Project590_stool_Manary_GCE_Pediatric_Stool_156_LNS_96_initial_NA0000435774	687695	 829726	  83.00	551047	  55.12	541930	  98.35	0	137	0	0	0	0	0	0	0	0	0	0	0	0	0	0	0	2	0	0	0	0	0	0	0	0	0	0	61	0	180	0	3	0	0	44	0	0	0	0	0	0	0	0	0	0	0	0	0	0	0	0	1502	180	
MiSeq_235	I3756_122_LNS_96_Project590_stool_Manary_GCE_Pediatric_Stool_122_LNS_96_final_NA0000419777	994810	 856475	  62.15	369782	  26.83	358063	  96.83	0	1	0	77	0	0	1	0	0	0	0	0	0	0	0	0	0	2	0	0	0	0	0	0	0	0	0	4	36	0	11	0	16	0	0	1955	0	0	0	0	0	0	4	0	0	0	0	1	0	0	0	0	0	7	
MiSeq_235	I3757_109_LNS_96_Project590_stool_Manary_GCE_Pediatric_Stool_109_LNS_96_midstudy_NA0000489486	867892	 630684	  53.57	178533	  15.16	172593	  96.67	0	1	0	0	0	0	0	0	0	0	0	0	8	0	0	0	0	0	0	0	0	0	0	0	0	0	0	0	27	0	13	0	1	0	0	632	0	0	0	0	0	0	0	0	0	0	0	0	0	1	0	0	0	10	
MiSeq_235	I3758_128_LNS_94_Project590_stool_Manary_GCE_Pediatric_Stool_128_LNS_94_initial_NA0000434820	532822	 585786	  76.18	444296	  57.78	313401	  70.54	0	2	0	12	0	0	0	1	0	0	0	0	0	0	0	0	0	1	0	0	0	0	0	0	0	0	0	0	85	0	16	0	3	0	0	147	0	0	0	0	0	0	0	0	0	0	0	0	0	0	0	0	0	61	
MiSeq_235	I3759_78_LNS_94_Project590_stool_Manary_GCE_Pediatric_Stool_78_LNS_94_final_NA0000424424	1022138	 704244	  47.66	195168	  13.21	193653	  99.22	0	1	0	0	0	0	0	0	0	0	0	0	2	0	0	0	0	0	0	0	0	0	0	0	0	0	0	0	35	0	5	0	0	0	0	18	0	0	0	0	0	0	0	0	0	0	0	0	0	0	0	0	0	363	
MiSeq_235	I3760_91_LNS_94_Project590_stool_Manary_GCE_Pediatric_Stool_91_LNS_94_midstudy_NA0000495257	633145	 724881	  75.77	234242	  24.49	232760	  99.37	0	1	0	5	0	0	0	0	5	0	0	0	5	0	0	0	0	6	0	0	0	0	0	0	0	0	0	0	37	0	12	0	1	0	0	225	0	0	0	0	0	0	437	0	0	0	0	0	0	0	0	0	5	9101	
MiSeq_235	I3761_133_LNS_51_Project590_stool_Manary_GCE_Pediatric_Stool_133_LNS_51_final_NA0000421443	554152	 484245	  50.01	154895	  16.00	153761	  99.27	0	254	0	11	0	0	0	0	0	0	0	0	0	0	0	0	1	0	0	0	0	0	0	0	0	0	0	0	24	0	57	0	0	0	0	24	0	0	0	0	0	0	0	0	0	0	0	0	0	0	0	0	0	6	
MiSeq_235	I3762_101_LNS_51_Project590_stool_Manary_GCE_Pediatric_Stool_101_LNS_51_initial_NA0000441965	898015	 920191	  64.49	362933	  25.43	326712	  90.02	0	0	0	22	0	0	2	0	0	0	0	0	0	0	0	0	0	0	0	0	0	0	0	0	0	0	0	0	112	0	32	0	3	0	0	336	0	0	0	0	0	0	0	0	0	0	0	0	0	0	0	0	62	13028	
MiSeq_235	I3763_99_LNS_51_Project590_stool_Manary_GCE_Pediatric_Stool_99_LNS_51_midstudy_NA0000494524	1374367	 819677	  37.13	261266	  11.84	240214	  91.94	0	20	0	5	0	0	0	1	0	0	0	0	0	0	0	0	0	28	0	0	0	0	0	0	0	0	0	0	67	0	16	0	0	0	0	86	0	0	0	0	1	0	0	0	0	0	0	0	0	0	0	0	4	58	
MiSeq_235	I3764_29_LNS_78_Project590_stool_Manary_GCE_Pediatric_Stool_29_LNS_78_midstudy_NA0000442005	614397	 488099	  53.20	206024	  22.46	204459	  99.24	0	0	0	268	0	0	0	0	0	0	0	0	0	0	0	0	0	0	0	0	0	0	0	0	0	0	0	0	101	0	14	0	0	0	0	57171	0	0	0	0	0	0	0	0	0	0	0	0	0	0	0	0	1	4	
MiSeq_235	I3765_30_LNS_78_Project590_stool_Manary_GCE_Pediatric_Stool_30_LNS_78_endstudy1_NA0000418658	1088765	 844864	  45.35	317288	  17.03	303036	  95.51	0	16	0	426	0	0	673	0	0	0	0	0	0	0	0	0	0	20	0	0	0	0	0	0	0	0	0	0	48	0	17	0	1	0	0	1847	0	0	0	0	0	0	0	0	0	0	0	0	0	124	0	0	0	9	
MiSeq_235	I3766_28_LNS_78_Project590_stool_Manary_GCE_Pediatric_Stool_28_LNS_78_initial_NA0000421651	886224	 911412	  66.55	261705	  19.11	260683	  99.61	0	54	0	12	0	0	0	0	0	0	0	0	0	0	0	93	0	0	0	0	0	0	0	0	0	0	0	0	89	0	33399	0	0	0	0	149	0	0	0	0	0	0	0	0	0	0	0	0	0	0	0	0	7	14	
